em_iforest = 2.251723788074405e+28
em_ocsvm = 4.7760967151366094e+28
 
mv_iforest = 0.763323990823464
mv_ocsvm = 0.3654153112944353
